length=[1808.12, 108;
1753.49, 643;
1751.01, 692;
1510.64, 3815;
1425.08, 5938;
1287.92, 6158;
1211.05, 6374;
1192.58, 6485;
1186.01, 6705;
1155.47, 7072;
1126.88, 7187;
];
timeEval = 7585;
timeLKH = 6381;
timeRRTs = 1;
timeDistEval = 33;
timeDBS = 1100;
